object={
	name="bridge 01"
	render_pass=MapUnderWater
	clamp_to_water_level=no
	generated_content=no
	layer="temp_layer"
	pdxmesh="bridge_01_mesh"
	count=16
	transform="3887.196533 0.687500 2166.673096 0.000000 0.000000 0.000000 1.000000 1.000000 1.000000 1.000000
4025.019287 0.909424 2115.517090 0.000000 -0.720720 0.000000 0.693227 1.000000 1.000000 1.000000
3940.068115 0.548096 2576.467773 0.000000 0.277117 0.000000 0.960836 1.000000 1.000000 1.000000
3953.172119 0.377197 2296.875244 0.000000 0.094585 0.000000 0.995517 1.000000 1.000000 1.000000
3990.792725 0.400391 2167.936035 0.000000 0.000000 0.000000 1.000000 1.000000 1.000000 1.000000
4034.313232 0.211426 2149.626221 0.000000 0.000000 0.000000 1.000000 1.000000 1.000000 1.000000
4153.835938 0.597900 2155.770752 0.000000 0.000000 0.000000 1.000000 1.000000 1.000000 1.000000
4264.649902 0.796387 2149.258545 0.000000 0.367749 0.000000 0.929925 1.000000 1.000000 1.000000
4039.259277 0.163574 2047.972412 0.000000 -0.739609 0.000000 0.673037 1.000000 1.000000 1.000000
4051.817871 0.660400 2052.983154 0.000000 0.189940 0.000000 0.981796 1.000000 1.000000 1.000000
4052.833496 0.399780 2043.479370 0.000000 -0.309180 0.000000 0.951003 1.000000 1.000000 1.000000
3815.783203 0.579834 1751.479614 0.000000 -0.189820 0.000000 0.981819 1.000000 1.000000 1.000000
3964.441406 0.493652 1746.219971 0.000000 -0.062002 0.000000 0.998076 1.000000 1.000000 1.000000
4087.139648 0.404175 1773.180542 0.000000 0.473953 0.000000 0.880550 1.000000 1.000000 1.000000
4266.952637 0.470581 1719.733032 0.000000 -0.273391 0.000000 0.961903 1.000000 1.000000 1.000000
3432.041748 0.443115 1819.631592 0.000000 -0.573906 0.000000 0.818922 1.000000 1.000000 1.000000
"}
