object={
	name="env_desert_ambient_close"
	render_pass=Map
	clamp_to_water_level=yes
	generated_content=no
	layer="env_effect_layer"
	entity="env_desert_plains_ambient"
	count=0
}
object={
	name="env_desert_mountains"
	render_pass=Map
	clamp_to_water_level=yes
	generated_content=no
	layer="env_effect_mountains_layer"
	entity="env_desert_mountains"
	count=0
}
object={
	name="env_desert_plains"
	render_pass=Map
	clamp_to_water_level=yes
	generated_content=no
	layer="env_effect_layer"
	entity="env_desert_plains"
	count=0
}
object={
	name="env_desert_plains_ambient"
	render_pass=Map
	clamp_to_water_level=yes
	generated_content=no
	layer="env_effect_layer"
	entity="env_desert_plains_ambient"
	count=0
}
object={
	name="env_forest_mountains"
	render_pass=Map
	clamp_to_water_level=yes
	generated_content=no
	layer="env_effect_mountains_layer"
	entity="env_mist_sun"
	count=0
}
object={
	name="env_mist_forest"
	render_pass=Map
	clamp_to_water_level=yes
	generated_content=no
	layer="env_effect_layer"
	entity="env_mist_sun"
	count=0
}
object={
	name="env_snow_mountains"
	render_pass=Map
	clamp_to_water_level=yes
	generated_content=no
	layer="env_effect_mountains_layer"
	entity="env_snow_mountains"
	count=0
}
object={
	name="env_snow_plains"
	render_pass=Map
	clamp_to_water_level=yes
	generated_content=no
	layer="env_effect_layer"
	entity="env_snow_plains"
	count=0
}
object={
	name="env_snow_plains_ambient"
	render_pass=Map
	clamp_to_water_level=yes
	generated_content=no
	layer="env_effect_layer"
	entity="env_snow_plains_ambient"
	count=0
}
object={
	name="waterfall"
	render_pass=Map
	clamp_to_water_level=yes
	generated_content=no
	layer="coast_foam_layer"
	entity="waterfall"
	count=16
	transform="4152.430664 2.930664 9325.175781 0.000000 0.680969 0.000000 0.732313 1.280599 1.280599 1.280599
3657.345215 2.379883 9479.679688 0.000000 -0.398753 0.000000 0.917059 1.380273 1.380273 1.380273
3199.850342 2.643555 9991.347656 0.000000 -0.410502 0.000000 0.911860 1.121875 1.121875 1.121875
3018.251953 1.437500 9953.301758 0.000000 -0.391660 0.000000 0.920110 1.000000 1.000000 1.000000
3685.646240 1.474609 9440.462891 0.000000 -0.854743 0.000000 0.519052 1.000000 1.000000 1.000000
3932.978760 0.333008 9505.666992 0.000000 -0.997524 0.000000 -0.070320 0.624414 0.624414 0.624414
3840.783936 1.573242 9342.140625 0.000000 -0.938669 0.000000 0.344819 1.208398 1.208398 1.208398
4511.167480 0.961914 9441.341797 0.000000 -0.590332 0.000000 0.807161 1.000000 1.000000 1.000000
4585.754883 0.488281 9376.114258 0.000000 -0.780445 0.000000 -0.625225 1.000000 1.000000 1.000000
3840.997559 2.401367 9816.512695 0.000000 0.659202 0.000000 0.751966 1.303027 1.303027 1.303027
3972.690674 2.615234 10159.569336 0.000000 0.612203 0.000000 0.790700 1.000000 1.000000 1.000000
3973.281738 3.462891 10198.298828 0.000000 0.543333 0.000000 0.839517 1.000000 1.000000 1.000000
4837.553711 5.371094 9538.155273 0.000000 0.642171 0.000000 0.766562 1.253809 1.253809 1.253809
5021.498047 6.022461 9970.125977 0.000000 0.941643 0.000000 0.336614 1.370703 1.370703 1.370703
3717.614746 1.612305 9415.210938 0.000000 -0.887400 0.000000 0.461000 0.684375 0.684375 0.684375
3706.927490 1.612305 9421.657227 0.000000 -0.887400 0.000000 0.461000 0.684375 0.684375 0.684375
"}
object={
	name="waterfall_bottom"
	render_pass=Map
	clamp_to_water_level=yes
	generated_content=no
	layer="coast_foam_layer"
	entity="waterfall_bottom"
	count=55
	transform="4151.772461 0.057617 9325.329102 0.000000 0.856680 0.000000 -0.515848 0.508105 0.508105 0.508105
3657.686768 0.067383 9480.243164 0.000000 0.869565 0.000000 0.493818 0.508105 0.508105 0.508105
3199.502197 0.004883 9990.430664 0.000000 0.621212 0.000000 0.783643 0.515953 0.515953 0.515953
3017.694336 -0.206055 9954.023438 0.000000 -0.965803 0.000000 -0.259276 0.601953 0.601953 0.601953
3825.020264 -0.402344 9535.580078 0.000000 0.580346 0.000000 0.814370 0.459061 0.459061 0.459061
3855.512451 -0.009766 9468.524414 0.000000 -0.064396 0.000000 0.997924 0.459061 0.459061 0.459061
3749.806152 -0.009766 9469.520508 0.000000 0.507175 0.000000 0.861843 0.459061 0.459061 0.459061
3277.181885 0.031250 9265.851562 0.000000 0.507175 0.000000 0.861843 0.459061 0.459061 0.459061
3315.119873 0.217773 9350.891602 0.000000 0.507175 0.000000 0.861843 0.459061 0.459061 0.459061
3205.307861 -0.016602 10134.034180 0.000000 0.759886 0.000000 -0.650056 0.459061 0.459061 0.459061
3153.715576 -0.006836 10175.550781 0.000000 0.956251 0.000000 0.292546 0.459061 0.459061 0.459061
3103.607422 -0.011719 10290.979492 0.000000 0.945217 0.000000 -0.326442 0.459061 0.459061 0.459061
2890.035645 -0.243164 10249.017578 0.000000 0.904042 0.000000 0.427444 0.654706 0.654706 0.654706
2961.480469 -0.128906 10119.644531 0.000000 0.275340 0.000000 0.961347 0.654706 0.654706 0.654706
2962.305176 -0.782227 10072.598633 0.000000 0.996743 0.000000 -0.080648 0.654706 0.654706 0.654706
2946.833008 -0.725586 10076.483398 0.000000 0.924827 0.000000 -0.380387 0.654706 0.654706 0.654706
2932.744141 -0.942383 9989.472656 0.000000 -0.002494 0.000000 -0.999997 0.654706 0.654706 0.654706
3685.643555 0.071289 9440.379883 0.000000 0.402248 0.000000 0.915531 0.529297 0.529297 0.529297
3933.141113 0.082031 9505.075195 0.000000 0.000000 0.000000 1.000000 0.228539 0.228539 0.228539
3838.718750 0.000000 9338.708984 0.000000 0.231790 0.000000 0.972766 0.557422 0.557422 0.557422
3840.501953 -0.205078 9341.899414 0.000000 0.304620 0.000000 0.952474 0.539551 0.539551 0.539551
4184.166016 0.152344 9472.190430 0.000000 0.386299 0.000000 -0.922374 0.638379 0.638379 0.638379
4511.142578 0.087891 9441.363281 0.000000 0.884171 0.000000 0.467163 0.240352 0.240352 0.240352
4307.333008 0.108398 9339.633789 0.000000 0.990785 0.000000 0.135442 0.406878 0.406878 0.406878
4038.799805 0.108398 9175.949219 0.000000 0.990785 0.000000 0.135442 0.406878 0.406878 0.406878
4586.228027 0.071289 9375.906250 0.000000 0.593178 0.000000 -0.805071 0.295378 0.295378 0.295378
3356.361328 -0.513672 9832.039062 0.000000 0.389975 0.000000 0.920826 0.550586 0.550586 0.550586
3296.191895 -0.150391 9795.265625 0.000000 0.000000 0.000000 1.000000 0.550586 0.550586 0.550586
3305.333984 -0.038086 10135.976562 0.000000 0.578221 0.000000 0.815880 0.416979 0.416979 0.416979
3369.267822 -0.038086 10089.091797 0.000000 0.998731 0.000000 -0.050368 0.768652 0.768652 0.768652
3321.349609 -0.038086 10102.350586 0.000000 0.998731 0.000000 -0.050368 0.768652 0.768652 0.768652
3945.766602 -0.112304 10017.442383 0.000000 -0.671414 0.000000 0.741083 0.469049 0.469049 0.469049
3841.020020 0.159180 9816.387695 0.000000 -0.671414 0.000000 0.741083 0.469049 0.469049 0.469049
3850.130859 -0.126953 9917.322266 0.000000 -0.671414 0.000000 0.741083 0.547168 0.547168 0.547168
3972.239502 -0.223633 10159.577148 0.000000 -0.722473 0.000000 0.691399 0.503320 0.503320 0.503320
3973.341553 0.000000 10198.644531 0.000000 -0.938911 0.000000 0.344160 0.679883 0.679883 0.679883
3886.261475 -0.200195 10163.605469 0.000000 -0.573431 0.000000 0.819254 0.582262 0.582262 0.582262
3851.263916 -0.200195 10216.087891 0.000000 -0.942043 0.000000 0.335493 0.642773 0.642773 0.642773
3722.711182 -0.200195 10159.292969 0.000000 0.000000 0.000000 1.000000 0.642773 0.642773 0.642773
4111.023438 -0.179688 9729.291016 0.000000 0.996974 0.000000 0.077737 0.497168 0.497168 0.497168
4136.560547 -0.179688 9785.965820 0.000000 0.885904 0.000000 0.463868 0.497168 0.497168 0.497168
4214.384277 -0.179688 9997.933594 0.000000 0.658398 0.000000 0.752670 0.497168 0.497168 0.497168
4094.463379 -0.179688 9858.837891 0.000000 0.000000 0.000000 1.000000 0.497168 0.497168 0.497168
4482.943848 -0.377930 9706.737305 0.000000 0.998200 0.000000 -0.059966 0.497949 0.497949 0.497949
4473.807129 -0.377930 9700.230469 0.000000 0.998200 0.000000 -0.059966 0.497949 0.497949 0.497949
4466.319336 -0.377930 9704.433594 0.000000 0.998200 0.000000 -0.059966 0.497949 0.497949 0.497949
4411.787598 -0.377930 9683.010742 0.000000 0.977976 0.000000 0.208716 0.497949 0.497949 0.497949
4420.069336 -0.377930 9675.857422 0.000000 0.977976 0.000000 0.208716 0.497949 0.497949 0.497949
5021.586426 0.052734 9970.505859 0.000000 0.407514 0.000000 -0.913199 0.665962 0.665962 0.665962
4837.104004 0.052734 9538.164062 0.000000 0.826586 0.000000 -0.562811 0.665962 0.665962 0.665962
4842.027832 0.000000 9539.307617 0.000000 0.826586 0.000000 -0.562811 0.483203 0.483203 0.483203
5110.892090 0.000000 9821.256836 0.000000 0.000000 0.000000 1.000000 1.000000 1.000000 1.000000
5105.721680 0.000000 9809.551758 0.000000 0.979783 0.000000 -0.200061 1.000000 1.000000 1.000000
3717.631348 0.019531 9415.364258 0.000000 0.408219 0.000000 0.912884 0.379628 0.379628 0.379628
3707.141357 0.036133 9421.950195 0.000000 0.295567 0.000000 0.955322 0.373643 0.373643 0.373643
"}
