object={
	name="lakes"
	render_pass=Map
	clamp_to_water_level=no
	generated_content=no
	layer="lake_layer"
	pdxmesh="lake_mesh"
	count=13
	transform="4388.935547 1.277344 1819.561157 0.000000 0.075855 0.000000 0.997119 18.484489 18.484489 18.484489
4670.990234 1.218018 2248.950684 0.000000 -0.021056 0.000000 0.999778 19.642559 19.642559 19.642559
4306.022949 0.756470 1674.612183 0.000000 0.109096 0.000000 0.994031 15.793613 15.793613 15.793613
1661.460449 2.569336 9334.015625 0.000000 -0.999830 0.000000 -0.018436 33.976292 33.976292 33.976292
2063.832520 1.855469 9606.399414 0.000000 0.944545 0.000000 0.328382 33.785965 33.785965 33.785965
1793.470825 1.516602 9534.337891 0.000000 0.513567 0.000000 0.858049 9.530546 9.530546 9.530546
4161.248535 1.694336 9327.141602 0.000000 0.647489 0.000000 0.762075 12.996201 12.996201 12.996201
3616.170410 2.593750 9498.304688 0.000000 0.172684 0.000000 0.984977 43.345894 43.345894 43.345894
3513.777344 -1.675781 10469.565430 0.000000 -0.293496 0.000000 0.955960 17.126423 17.126423 17.126423
4981.563477 1.471680 9679.486328 0.000000 -0.963028 0.000000 -0.269401 139.514725 139.514725 139.514725
5098.689453 1.096680 9854.565430 0.000000 0.411531 0.000000 0.911396 134.361237 134.361237 134.361237
4884.852051 1.112305 9573.836914 0.000000 -0.179623 0.000000 0.983736 52.669434 52.669434 52.669434
4147.223633 1.875000 9817.972656 0.000000 -0.628265 0.000000 0.777999 13.708195 13.708195 13.708195
"}
