object={
	name="steppe_bush_01_generator_0"
	render_pass=Map
	clamp_to_water_level=no
	generated_content=yes
	layer="grass_layer"
	pdxmesh="steppe_bush_01_mesh"
	count=208
	transform="2846.941162 0.000000 9916.792969 0.000000 0.668414 0.000000 -0.743790 0.647621 0.647621 0.647621
2848.979736 0.000000 9931.255859 0.000000 0.938817 0.000000 0.344417 0.432846 0.432846 0.432846
2844.340332 0.000000 9934.804688 0.000000 0.904225 0.000000 0.427057 0.420412 0.420412 0.420412
2846.800537 0.000000 9927.514648 0.000000 0.541438 0.000000 0.840741 0.314882 0.314882 0.314882
2848.622803 0.000000 9920.750977 0.000000 0.211289 0.000000 -0.977424 0.759340 0.759340 0.759340
2849.966797 0.000000 9934.692383 0.000000 0.990027 0.000000 0.140877 0.474769 0.474769 0.474769
2845.554199 0.000000 9931.632812 0.000000 0.608794 0.000000 0.793328 0.347311 0.347311 0.347311
2851.466553 0.000000 9921.791016 0.000000 0.636982 0.000000 -0.770879 0.650529 0.650529 0.650529
2850.289062 0.000000 9918.276367 0.000000 0.199821 0.000000 0.979832 0.262357 0.262357 0.262357
2846.790771 0.000000 9936.670898 0.000000 0.957637 0.000000 -0.287977 0.555790 0.555790 0.555790
2848.518311 0.000000 9914.497070 0.000000 0.991142 0.000000 -0.132810 0.524027 0.524027 0.524027
2847.188477 0.000000 9933.809570 0.000000 0.145796 0.000000 0.989315 0.227944 0.227944 0.227944
2849.171875 0.000000 9928.577148 0.000000 0.911330 0.000000 -0.411678 0.581034 0.581034 0.581034
2847.031982 0.000000 9929.903320 0.000000 0.996783 0.000000 -0.080147 0.514973 0.514973 0.514973
2846.502686 0.000000 9921.464844 0.000000 0.818387 0.000000 0.574668 0.389956 0.389956 0.389956
2848.072510 0.000000 9918.669922 0.000000 0.925711 0.000000 0.378232 0.425919 0.425919 0.425919
2848.578857 0.000000 9923.014648 0.000000 0.778039 0.000000 0.628215 0.370271 0.370271 0.370271
2848.981201 0.000000 9916.742188 0.000000 0.801553 0.000000 0.597923 0.377596 0.377596 0.377596
2848.286865 0.000000 9935.547852 0.000000 0.172424 0.000000 0.985023 0.250541 0.250541 0.250541
2845.468018 0.000000 9933.394531 0.000000 0.034651 0.000000 0.999399 0.224836 0.224836 0.224836
2848.829102 0.000000 9933.206055 0.000000 0.441147 0.000000 -0.897435 0.700924 0.700924 0.700924
2847.293701 0.000000 9932.017578 0.000000 0.452496 0.000000 0.891767 0.289680 0.289680 0.289680
2846.000977 0.000000 9935.082031 0.000000 0.995910 0.000000 0.090346 0.482722 0.482722 0.482722
2849.844482 0.000000 9921.964844 0.000000 0.996596 0.000000 0.082436 0.484238 0.484238 0.484238
2846.981445 0.000000 9919.872070 0.000000 0.587647 0.000000 -0.809118 0.670031 0.670031 0.670031
2846.305420 0.000000 9918.258789 0.000000 0.837511 0.000000 0.546421 0.395728 0.395728 0.395728
2849.813721 0.000000 9919.743164 0.000000 0.153142 0.000000 0.988204 0.229364 0.229364 0.229364
2850.594971 0.000000 9916.808594 0.000000 0.062592 0.000000 -0.998039 0.778625 0.778625 0.778625
2850.466797 0.000000 9936.086914 0.000000 0.194086 0.000000 -0.980985 0.762696 0.762696 0.762696
2848.972900 0.000000 9927.098633 0.000000 0.749947 0.000000 0.661497 0.362855 0.362855 0.362855
2849.603760 0.000000 9929.936523 0.000000 0.993367 0.000000 -0.114985 0.522009 0.522009 0.522009
2847.785889 0.000000 9928.696289 0.000000 0.914523 0.000000 -0.404533 0.577720 0.577720 0.577720
2713.343262 0.000000 10094.599609 0.000000 0.000268 0.000000 1.000000 0.228478 0.228478 0.228478
2717.951172 0.000000 10099.051758 0.000000 0.065729 0.000000 0.997838 0.212562 0.212562 0.212562
2713.442871 0.000000 10101.046875 0.000000 0.803192 0.000000 0.595721 0.395247 0.395247 0.395247
2714.632324 0.000000 10097.885742 0.000000 0.696358 0.000000 0.717695 0.347618 0.347618 0.347618
2717.239746 0.000000 10102.245117 0.000000 0.886256 0.000000 0.463197 0.418542 0.418542 0.418542
2711.537354 0.000000 10098.574219 0.000000 0.980261 0.000000 0.197708 0.465468 0.465468 0.465468
2715.739502 0.000000 10100.113281 0.000000 0.924106 0.000000 0.382137 0.430252 0.430252 0.430252
2711.015381 0.000000 10094.124023 0.000000 0.779346 0.000000 0.626594 0.385462 0.385462 0.385462
2712.665283 0.000000 10096.757812 0.000000 0.119341 0.000000 -0.992853 0.777153 0.777153 0.777153
2713.234619 0.000000 10099.163086 0.000000 0.997001 0.000000 0.077383 0.485448 0.485448 0.485448
2714.397705 0.000000 10096.143555 0.000000 0.998330 0.000000 -0.057770 0.511003 0.511003 0.511003
2717.641113 0.000000 10100.599609 0.000000 0.081567 0.000000 -0.996668 0.784404 0.784404 0.784404
2710.811035 0.000000 10097.227539 0.000000 0.998627 0.000000 0.052393 0.490414 0.490414 0.490414
2715.868896 0.000000 10098.683594 0.000000 0.998657 0.000000 0.051812 0.490100 0.490100 0.490100
2714.432373 0.000000 10099.753906 0.000000 0.905601 0.000000 0.424130 0.416348 0.416348 0.416348
2724.036865 0.000000 10100.011719 0.000000 0.999106 0.000000 -0.042274 0.506862 0.506862 0.506862
2718.930908 0.000000 10098.120117 0.000000 0.965828 0.000000 -0.259184 0.547618 0.547618 0.547618
2726.531738 0.000000 10103.814453 0.000000 0.267430 0.000000 -0.963577 0.725575 0.725575 0.725575
2729.149658 0.000000 10106.811523 0.000000 0.910704 0.000000 0.413059 0.418676 0.418676 0.418676
2723.010986 0.000000 10105.092773 0.000000 0.934996 0.000000 -0.354657 0.568336 0.568336 0.568336
2720.684814 0.000000 10101.749023 0.000000 0.943850 0.000000 0.330375 0.435064 0.435064 0.435064
2724.228271 0.000000 10102.802734 0.000000 0.999928 0.000000 -0.012033 0.502298 0.502298 0.502298
2718.596436 0.000000 10100.514648 0.000000 0.995996 0.000000 -0.089397 0.517096 0.517096 0.517096
2726.512939 0.000000 10106.230469 0.000000 0.185336 0.000000 0.982675 0.235602 0.235602 0.235602
2728.894287 0.000000 10104.448242 0.000000 0.266158 0.000000 -0.963929 0.737988 0.737988 0.737988
2718.543213 0.000000 10102.914062 0.000000 0.564044 0.000000 0.825744 0.314453 0.314453 0.314453
2724.939697 0.000000 10104.931641 0.000000 0.560418 0.000000 -0.828210 0.686384 0.686384 0.686384
2724.691895 0.000000 10106.573242 0.000000 0.507715 0.000000 0.861525 0.313370 0.313370 0.313370
2722.647705 0.000000 10103.253906 0.000000 0.980885 0.000000 0.194589 0.462598 0.462598 0.462598
2720.124268 0.000000 10100.241211 0.000000 0.096554 0.000000 -0.995328 0.784291 0.784291 0.784291
2727.494629 0.000000 10105.062500 0.000000 0.593103 0.000000 -0.805126 0.678742 0.678742 0.678742
2719.613770 0.000000 10103.839844 0.000000 0.298642 0.000000 -0.954365 0.742080 0.742080 0.742080
2725.665283 0.000000 10102.639648 0.000000 0.887890 0.000000 0.460056 0.408698 0.408698 0.408698
2727.776611 0.000000 10106.854492 0.000000 0.472287 0.000000 -0.881445 0.706057 0.706057 0.706057
2719.307617 0.000000 10101.732422 0.000000 0.383179 0.000000 -0.923674 0.724898 0.724898 0.724898
2721.361816 0.000000 10100.617188 0.000000 0.776132 0.000000 -0.630570 0.631585 0.631585 0.631585
2721.462891 0.000000 10102.776367 0.000000 0.613512 0.000000 0.789686 0.315919 0.315919 0.315919
2720.055176 0.000000 10102.743164 0.000000 0.973903 0.000000 -0.226963 0.546300 0.546300 0.546300
2853.815430 0.000000 9947.906250 0.000000 0.592089 0.000000 0.805872 0.321018 0.321018 0.321018
2835.093018 0.000000 9984.947266 0.000000 0.271118 0.000000 0.962546 0.279134 0.279134 0.279134
2841.375732 0.000000 9968.143555 0.000000 0.928797 0.000000 0.370589 0.436735 0.436735 0.436735
2817.779053 0.000000 10006.269531 0.000000 0.661759 0.000000 -0.749716 0.661886 0.661886 0.661886
2830.643311 0.000000 9979.432617 0.000000 0.891202 0.000000 0.453606 0.410082 0.410082 0.410082
2845.995850 0.000000 9963.935547 0.000000 0.914170 0.000000 -0.405331 0.579706 0.579706 0.579706
2849.771973 0.000000 9936.871094 0.000000 0.929365 0.000000 -0.369161 0.572213 0.572213 0.572213
2851.859375 0.000000 9942.962891 0.000000 0.816044 0.000000 0.577990 0.382302 0.382302 0.382302
2819.953613 0.000000 9997.715820 0.000000 0.465037 0.000000 -0.885292 0.677092 0.677092 0.677092
2852.389648 0.000000 9954.729492 0.000000 0.620183 0.000000 -0.784457 0.672235 0.672235 0.672235
2850.488770 0.000000 9961.880859 0.000000 0.203699 0.000000 0.979034 0.271568 0.271568 0.271568
2842.133301 0.000000 9961.043945 0.000000 0.322774 0.000000 -0.946476 0.705445 0.705445 0.705445
2831.749023 0.000000 9973.475586 0.000000 0.974826 0.000000 -0.222969 0.538173 0.538173 0.538173
2819.487793 0.000000 10002.135742 0.000000 0.293709 0.000000 -0.955895 0.743066 0.743066 0.743066
2834.975586 0.000000 9980.389648 0.000000 0.011274 0.000000 0.999936 0.202153 0.202153 0.202153
2847.031250 0.000000 9940.194336 0.000000 0.241917 0.000000 -0.970297 0.753334 0.753334 0.753334
2849.619629 0.000000 9957.825195 0.000000 0.561026 0.000000 0.827798 0.315582 0.315582 0.315582
2820.770752 0.000000 9981.625977 0.000000 0.853970 0.000000 0.520322 0.406075 0.406075 0.406075
2827.346191 0.000000 9976.907227 0.000000 0.999524 0.000000 0.030859 0.494915 0.494915 0.494915
2824.226807 0.000000 9983.564453 0.000000 0.162680 0.000000 -0.986679 0.749467 0.749467 0.749467
2840.416992 0.000000 9964.478516 0.000000 0.992236 0.000000 -0.124373 0.521792 0.521792 0.521792
2831.453369 0.000000 9983.504883 0.000000 0.806036 0.000000 0.591866 0.391290 0.391290 0.391290
2827.511719 0.000000 9981.521484 0.000000 0.830086 0.000000 -0.557636 0.612975 0.612975 0.612975
2814.427002 0.000000 10008.006836 0.000000 0.119886 0.000000 0.992788 0.261883 0.261883 0.261883
2851.825684 0.000000 9950.846680 0.000000 0.796999 0.000000 -0.603980 0.606043 0.606043 0.606043
2815.954102 0.000000 10003.273438 0.000000 0.538658 0.000000 -0.842525 0.676350 0.676350 0.676350
2852.154053 0.000000 9939.618164 0.000000 0.732902 0.000000 0.680334 0.368776 0.368776 0.368776
2844.698730 0.000000 9967.341797 0.000000 0.478472 0.000000 0.878103 0.303983 0.303983 0.303983
2847.457275 0.000000 9960.467773 0.000000 0.892120 0.000000 -0.451798 0.589530 0.589530 0.589530
2853.473145 0.000000 9936.764648 0.000000 0.602466 0.000000 -0.798144 0.652861 0.652861 0.652861
2854.395020 0.000000 9952.429688 0.000000 0.999315 0.000000 -0.037017 0.507071 0.507071 0.507071
2855.676270 0.000000 9955.916016 0.000000 0.058936 0.000000 -0.998262 0.782132 0.782132 0.782132
2848.950684 0.000000 9942.499023 0.000000 0.859740 0.000000 -0.510732 0.593342 0.593342 0.593342
2843.271240 0.000000 9964.875977 0.000000 0.712232 0.000000 -0.701945 0.648611 0.648611 0.648611
2822.770996 0.000000 9997.956055 0.000000 0.200699 0.000000 0.979653 0.270201 0.270201 0.270201
2851.864258 0.000000 9945.706055 0.000000 0.690062 0.000000 0.723751 0.348480 0.348480 0.348480
2837.501709 0.000000 9981.496094 0.000000 0.363190 0.000000 0.931715 0.270987 0.270987 0.270987
2852.326660 0.000000 9957.605469 0.000000 0.240116 0.000000 -0.970744 0.752860 0.752860 0.752860
2844.584473 0.000000 9960.200195 0.000000 0.509501 0.000000 0.860470 0.302102 0.302102 0.302102
2850.051758 0.000000 9953.467773 0.000000 0.858927 0.000000 0.512099 0.410072 0.410072 0.410072
2817.970459 0.000000 10009.060547 0.000000 0.670702 0.000000 -0.741727 0.651251 0.651251 0.651251
2832.492920 0.000000 9981.192383 0.000000 0.985563 0.000000 -0.169308 0.532492 0.532492 0.532492
2849.678711 0.000000 9940.086914 0.000000 0.899363 0.000000 -0.437202 0.586418 0.586418 0.586418
2821.042480 0.000000 10000.106445 0.000000 0.978861 0.000000 -0.204527 0.539339 0.539339 0.539339
2847.365479 0.000000 9937.753906 0.000000 0.999955 0.000000 0.009493 0.498187 0.498187 0.498187
2819.929932 0.000000 10007.520508 0.000000 0.999318 0.000000 -0.036925 0.506777 0.506777 0.506777
2854.851318 0.000000 9950.099609 0.000000 0.954361 0.000000 -0.298655 0.557923 0.557923 0.557923
2826.581299 0.000000 9979.226562 0.000000 0.832014 0.000000 -0.554755 0.612313 0.612313 0.612313
2843.983154 0.000000 9962.594727 0.000000 0.420286 0.000000 -0.907392 0.699416 0.699416 0.699416
2815.158447 0.000000 10005.561523 0.000000 0.999973 0.000000 -0.007413 0.501309 0.501309 0.501309
2829.099854 0.000000 9983.424805 0.000000 0.299639 0.000000 0.954053 0.276300 0.276300 0.276300
2833.824707 0.000000 9974.650391 0.000000 0.724218 0.000000 0.689571 0.354680 0.354680 0.354680
2834.070557 0.000000 9982.893555 0.000000 0.587335 0.000000 -0.809344 0.680106 0.680106 0.680106
2818.132324 0.000000 10003.942383 0.000000 0.997244 0.000000 -0.074188 0.514182 0.514182 0.514182
2834.362549 0.000000 9978.200195 0.000000 0.688539 0.000000 0.725199 0.359227 0.359227 0.359227
2854.027100 0.000000 9945.131836 0.000000 0.936076 0.000000 -0.351798 0.562375 0.562375 0.562375
2823.106934 0.000000 9981.629883 0.000000 0.393046 0.000000 0.919519 0.277147 0.277147 0.277147
2851.666260 0.000000 9948.500977 0.000000 0.639372 0.000000 0.768898 0.346169 0.346169 0.346169
2846.178711 0.000000 9942.247070 0.000000 0.604019 0.000000 0.796970 0.340554 0.340554 0.340554
2826.677979 0.000000 9983.569336 0.000000 0.990054 0.000000 0.140691 0.475507 0.475507 0.475507
2850.404053 0.000000 9955.673828 0.000000 0.847481 0.000000 -0.530826 0.603728 0.603728 0.603728
2825.247803 0.000000 9981.684570 0.000000 0.784272 0.000000 0.620417 0.372178 0.372178 0.372178
2830.315674 0.000000 9981.602539 0.000000 0.997041 0.000000 -0.076872 0.514696 0.514696 0.514696
2836.730225 0.000000 9983.528320 0.000000 0.896971 0.000000 -0.442090 0.587458 0.587458 0.587458
2829.352539 0.000000 9977.590820 0.000000 0.992494 0.000000 -0.122293 0.521731 0.521731 0.521731
2817.310791 0.000000 10001.669922 0.000000 0.840132 0.000000 0.542382 0.395523 0.395523 0.395523
2850.149414 0.000000 9959.810547 0.000000 0.955890 0.000000 0.293724 0.443063 0.443063 0.443063
2814.006592 0.000000 10002.608398 0.000000 0.990359 0.000000 0.138522 0.475540 0.475540 0.475540
2847.450684 0.000000 9958.455078 0.000000 0.731876 0.000000 0.681437 0.356813 0.356813 0.356813
2832.592285 0.000000 9979.126953 0.000000 0.680372 0.000000 0.732867 0.351636 0.351636 0.351636
2845.998047 0.000000 9961.854492 0.000000 0.364215 0.000000 0.931315 0.271198 0.271198 0.271198
2828.544922 0.000000 9979.461914 0.000000 0.612304 0.000000 -0.790623 0.674146 0.674146 0.674146
2816.401123 0.000000 10007.862305 0.000000 0.676507 0.000000 0.736436 0.341904 0.341904 0.341904
2851.729004 0.000000 9937.674805 0.000000 0.002880 0.000000 -0.999996 0.799450 0.799450 0.799450
2841.828857 0.000000 9966.177734 0.000000 0.778747 0.000000 0.627338 0.375989 0.375989 0.375989
2853.831055 0.000000 9956.451172 0.000000 0.980974 0.000000 0.194138 0.462807 0.462807 0.462807
2854.470947 0.000000 9954.447266 0.000000 0.190714 0.000000 0.981646 0.242673 0.242673 0.242673
2848.133057 0.000000 9956.706055 0.000000 0.999945 0.000000 0.010534 0.498008 0.498008 0.498008
2852.436279 0.000000 9952.655273 0.000000 0.718814 0.000000 0.695202 0.353189 0.353189 0.353189
2851.122559 0.000000 9941.202148 0.000000 0.910967 0.000000 0.412479 0.418798 0.418798 0.418798
2845.839600 0.000000 9965.878906 0.000000 0.203521 0.000000 -0.979071 0.760857 0.760857 0.760857
2853.784668 0.000000 9938.521484 0.000000 0.090371 0.000000 -0.995908 0.759619 0.759619 0.759619
2831.179688 0.000000 9977.694336 0.000000 0.340239 0.000000 -0.940339 0.733695 0.733695 0.733695
2853.113281 0.000000 9949.599609 0.000000 0.195430 0.000000 0.980718 0.237566 0.237566 0.237566
2835.713379 0.000000 9982.040039 0.000000 0.637231 0.000000 0.770673 0.331952 0.331952 0.331952
2853.552734 0.000000 9943.413086 0.000000 0.707108 0.000000 -0.707105 0.650000 0.650000 0.650000
2831.588135 0.000000 9975.388672 0.000000 0.858625 0.000000 0.512604 0.397209 0.397209 0.397209
2855.623291 0.000000 9948.448242 0.000000 0.734601 0.000000 0.678500 0.357578 0.357578 0.357578
2848.940918 0.000000 9938.487305 0.000000 0.831347 0.000000 -0.555753 0.612542 0.612542 0.612542
2823.345947 0.000000 9978.166016 0.000000 0.093490 0.000000 -0.995620 0.771977 0.771977 0.771977
2843.033447 0.000000 9967.567383 0.000000 0.705975 0.000000 -0.708237 0.650305 0.650305 0.650305
2848.817383 0.000000 9961.473633 0.000000 0.234369 0.000000 0.972148 0.249345 0.249345 0.249345
2816.649414 0.000000 10004.791016 0.000000 0.974270 0.000000 0.225383 0.456582 0.456582 0.456582
2846.122070 0.000000 9959.499023 0.000000 0.011763 0.000000 0.999931 0.202247 0.202247 0.202247
2816.389893 0.000000 10009.511719 0.000000 0.548749 0.000000 -0.835987 0.679177 0.679177 0.679177
2836.573975 0.000000 9980.060547 0.000000 0.736546 0.000000 0.676387 0.358127 0.358127 0.358127
2855.792480 0.000000 9953.570312 0.000000 0.591998 0.000000 -0.805939 0.679004 0.679004 0.679004
2819.395020 0.000000 10000.450195 0.000000 0.632554 0.000000 0.774516 0.330796 0.330796 0.330796
2850.374268 0.000000 9943.545898 0.000000 0.774256 0.000000 0.632872 0.369125 0.369125 0.369125
2850.533691 0.000000 9938.751953 0.000000 0.998953 0.000000 -0.045748 0.508740 0.508740 0.508740
2851.181152 0.000000 9958.680664 0.000000 0.902895 0.000000 0.429861 0.415138 0.415138 0.415138
2848.378662 0.000000 9941.048828 0.000000 0.902006 0.000000 0.431723 0.414743 0.414743 0.414743
2853.284668 0.000000 9946.465820 0.000000 0.992603 0.000000 -0.121403 0.523244 0.523244 0.523244
2852.691406 0.000000 9941.581055 0.000000 0.675251 0.000000 0.737588 0.347791 0.347791 0.347791
2853.448486 0.000000 9951.100586 0.000000 0.537711 0.000000 -0.843129 0.689069 0.689069 0.689069
2851.846680 0.000000 9956.195312 0.000000 0.266431 0.000000 0.963854 0.251507 0.251507 0.251507
2844.754883 0.000000 9964.755859 0.000000 0.877618 0.000000 0.479360 0.404521 0.404521 0.404521
2816.533447 0.000000 10000.402344 0.000000 0.828627 0.000000 -0.559801 0.608282 0.608282 0.608282
2818.186768 0.000000 9998.185547 0.000000 0.201264 0.000000 0.979537 0.247242 0.247242 0.247242
2847.450928 0.000000 9962.169922 0.000000 0.203445 0.000000 0.979086 0.245096 0.245096 0.245096
2819.401367 0.000000 10006.110352 0.000000 0.575330 0.000000 0.817921 0.324249 0.324249 0.324249
2828.912842 0.000000 9980.974609 0.000000 0.417284 0.000000 0.908776 0.282211 0.282211 0.282211
2825.221436 0.000000 9978.495117 0.000000 0.119046 0.000000 0.992889 0.222790 0.222790 0.222790
2821.188721 0.000000 9998.574219 0.000000 0.966388 0.000000 -0.257088 0.549658 0.549658 0.549658
2848.764160 0.000000 9959.362305 0.000000 0.997468 0.000000 0.071111 0.486407 0.486407 0.486407
2818.452148 0.000000 10007.661133 0.000000 0.878753 0.000000 -0.477277 0.591299 0.591299 0.591299
2830.575684 0.000000 9974.309570 0.000000 0.332323 0.000000 0.943166 0.264699 0.264699 0.264699
2852.460693 0.000000 9944.379883 0.000000 0.686260 0.000000 -0.727356 0.655551 0.655551 0.655551
2848.347412 0.000000 9936.696289 0.000000 0.799678 0.000000 -0.600429 0.623002 0.623002 0.623002
2826.273438 0.000000 9980.651367 0.000000 0.687777 0.000000 -0.725922 0.655152 0.655152 0.655152
2816.326416 0.000000 10006.398438 0.000000 0.734297 0.000000 0.678829 0.357493 0.357493 0.357493
2819.541016 0.000000 10003.579102 0.000000 0.682563 0.000000 -0.730827 0.656519 0.656519 0.656519
2843.662109 0.000000 9966.318359 0.000000 0.772233 0.000000 0.635339 0.368516 0.368516 0.368516
2833.504150 0.000000 9980.213867 0.000000 0.121079 0.000000 0.992643 0.223181 0.223181 0.223181
2846.575684 0.000000 9938.893555 0.000000 0.891699 0.000000 -0.452629 0.589708 0.589708 0.589708
2827.801270 0.000000 9978.214844 0.000000 0.982451 0.000000 -0.186521 0.535833 0.535833 0.535833
2820.971191 0.000000 10001.494141 0.000000 0.999973 0.000000 -0.007280 0.501390 0.501390 0.501390
2835.321045 0.000000 9983.591797 0.000000 0.488788 0.000000 -0.872402 0.702463 0.702463 0.702463
2834.146484 0.000000 9981.494141 0.000000 0.913753 0.000000 0.406271 0.420097 0.420097 0.420097
2822.937256 0.000000 9980.281250 0.000000 0.806762 0.000000 -0.590877 0.620731 0.620731 0.620731
2853.388428 0.000000 9953.639648 0.000000 0.243231 0.000000 -0.969968 0.753076 0.753076 0.753076
2850.740967 0.000000 9956.987305 0.000000 0.818444 0.000000 0.574586 0.383098 0.383098 0.383098
2848.318604 0.000000 9939.666992 0.000000 0.602959 0.000000 0.797772 0.323607 0.323607 0.323607
2850.228027 0.000000 9942.174805 0.000000 0.967971 0.000000 0.251062 0.451532 0.451532 0.451532
2831.225830 0.000000 9980.594727 0.000000 0.984577 0.000000 0.174952 0.466414 0.466414 0.466414
2818.166992 0.000000 10002.636719 0.000000 0.962515 0.000000 0.271227 0.447542 0.447542 0.447542
2852.545898 0.000000 9947.541992 0.000000 0.656357 0.000000 0.754451 0.336742 0.336742 0.336742
2830.739990 0.000000 9976.414062 0.000000 0.986529 0.000000 0.163588 0.468616 0.468616 0.468616
"}
