object={
	name="tree_pine_01_b_generator_1_0"
	render_pass=Map
	clamp_to_water_level=no
	generated_content=yes
	layer="tree_high_layer"
	pdxmesh="tree_pine_01_b_mesh"
	count=27
	transform="991.924500 0.000000 10753.883789 0.000000 0.201748 0.000000 0.979438 0.400000 0.400000 0.400000
1013.149597 0.000000 10740.577148 0.000000 0.427879 0.000000 0.903836 0.400000 0.400000 0.400000
983.295593 0.000000 10768.556641 0.000000 0.590206 0.000000 0.807253 0.400000 0.400000 0.400000
995.795654 0.000000 10744.392578 0.000000 0.960219 0.000000 0.279248 0.400000 0.400000 0.400000
1012.386047 0.000000 10766.552734 0.000000 0.380241 0.000000 0.924888 0.400000 0.400000 0.400000
1018.947083 0.000000 10771.218750 0.000000 0.974204 0.000000 -0.225670 0.400000 0.400000 0.400000
978.329834 0.000000 10762.824219 0.000000 0.829887 0.000000 0.557931 0.400000 0.400000 0.400000
1011.914978 0.000000 10780.172852 0.000000 0.818588 0.000000 0.574381 0.400000 0.400000 0.400000
983.058594 0.000000 10763.075195 0.000000 0.174977 0.000000 -0.984573 0.400000 0.400000 0.400000
1015.722290 0.000000 10744.972656 0.000000 0.180491 0.000000 0.983577 0.400000 0.400000 0.400000
1014.130615 0.000000 10771.064453 0.000000 0.256894 0.000000 0.966440 0.400000 0.400000 0.400000
1021.883789 0.000000 10767.531250 0.000000 0.903837 0.000000 -0.427877 0.400000 0.400000 0.400000
988.160156 0.000000 10750.807617 0.000000 0.999411 0.000000 0.034307 0.400000 0.400000 0.400000
1008.141174 0.000000 10812.503906 0.000000 0.905269 0.000000 0.424839 0.400000 0.400000 0.400000
978.971558 0.000000 10791.585938 0.000000 0.695943 0.000000 0.718097 0.400000 0.400000 0.400000
982.731812 0.000000 10821.756836 0.000000 0.762582 0.000000 0.646892 0.400000 0.400000 0.400000
1018.533203 0.000000 10810.421875 0.000000 0.666266 0.000000 -0.745714 0.400000 0.400000 0.400000
980.638000 0.000000 10782.881836 0.000000 0.923753 0.000000 0.382989 0.400000 0.400000 0.400000
1014.255249 0.000000 10817.131836 0.000000 0.867405 0.000000 -0.497603 0.400000 0.400000 0.400000
980.807983 0.000000 10815.010742 0.000000 0.333152 0.000000 0.942873 0.400000 0.400000 0.400000
982.499451 0.000000 10796.951172 0.000000 0.196575 0.000000 -0.980489 0.400000 0.400000 0.400000
1016.485168 0.000000 10798.255859 0.000000 0.506276 0.000000 -0.862372 0.400000 0.400000 0.400000
1008.323730 0.000000 10817.612305 0.000000 0.921360 0.000000 -0.388710 0.400000 0.400000 0.400000
1018.579041 0.000000 10815.709961 0.000000 0.902515 0.000000 0.430658 0.400000 0.400000 0.400000
1008.625061 0.000000 10808.041992 0.000000 0.692659 0.000000 -0.721265 0.400000 0.400000 0.400000
984.136841 0.000000 10817.673828 0.000000 0.184160 0.000000 0.982896 0.400000 0.400000 0.400000
1011.135315 0.000000 10815.000000 0.000000 0.978664 0.000000 0.205468 0.400000 0.400000 0.400000
"}
