object={
	name="tree_pine_impassable_01_a_generator_1_0"
	render_pass=Map
	clamp_to_water_level=no
	generated_content=yes
	layer="tree_high_layer"
	pdxmesh="tree_pine_impassable_01_a_mesh"
	count=26
	transform="1020.391541 0.000000 10763.312500 0.000000 0.127189 0.000000 0.991878 0.400000 0.400000 0.400000
1011.193787 0.000000 10775.088867 0.000000 0.255917 0.000000 0.966699 0.400000 0.400000 0.400000
994.484131 0.000000 10763.363281 0.000000 0.993585 0.000000 0.113085 0.400000 0.400000 0.400000
987.591431 0.000000 10776.208984 0.000000 0.388985 0.000000 -0.921244 0.400000 0.400000 0.400000
987.711548 0.000000 10762.281250 0.000000 0.997784 0.000000 -0.066541 0.400000 0.400000 0.400000
994.144409 0.000000 10758.476562 0.000000 0.246354 0.000000 -0.969180 0.400000 0.400000 0.400000
997.366516 0.000000 10772.374023 0.000000 0.058554 0.000000 -0.998284 0.400000 0.400000 0.400000
989.836731 0.000000 10758.555664 0.000000 0.995943 0.000000 -0.089992 0.400000 0.400000 0.400000
990.857178 0.000000 10764.351562 0.000000 0.965912 0.000000 0.258870 0.400000 0.400000 0.400000
994.454346 0.000000 10771.682617 0.000000 0.030029 0.000000 -0.999549 0.400000 0.400000 0.400000
1027.408203 0.000000 10810.863281 0.000000 0.418773 0.000000 -0.908091 0.400000 0.400000 0.400000
985.549377 0.000000 10787.630859 0.000000 0.326581 0.000000 0.945169 0.400000 0.400000 0.400000
1023.131165 0.000000 10807.340820 0.000000 0.051530 0.000000 -0.998671 0.400000 0.400000 0.400000
1013.596313 0.000000 10812.134766 0.000000 0.138396 0.000000 -0.990377 0.400000 0.400000 0.400000
1012.252319 0.000000 10780.654297 0.000000 0.956241 0.000000 0.292579 0.400000 0.400000 0.400000
982.279236 0.000000 10793.108398 0.000000 0.430084 0.000000 -0.902789 0.400000 0.400000 0.400000
983.656616 0.000000 10790.269531 0.000000 0.952754 0.000000 -0.303744 0.400000 0.400000 0.400000
1016.622253 0.000000 10813.048828 0.000000 0.679698 0.000000 0.733492 0.400000 0.400000 0.400000
986.085510 0.000000 10819.999023 0.000000 0.385683 0.000000 -0.922631 0.400000 0.400000 0.400000
1006.739258 0.000000 10815.219727 0.000000 0.841153 0.000000 -0.540798 0.400000 0.400000 0.400000
1019.847534 0.000000 10813.068359 0.000000 0.958876 0.000000 0.283824 0.400000 0.400000 0.400000
1014.675232 0.000000 10814.649414 0.000000 0.897117 0.000000 -0.441794 0.400000 0.400000 0.400000
808.311279 0.000000 10931.876953 0.000000 0.892590 0.000000 0.450870 0.400000 0.400000 0.400000
814.214844 0.000000 10922.347656 0.000000 0.063288 0.000000 -0.997995 0.400000 0.400000 0.400000
809.299072 0.000000 10929.186523 0.000000 0.542865 0.000000 -0.839820 0.400000 0.400000 0.400000
1154.016479 0.000000 10905.565430 0.000000 0.849488 0.000000 0.527608 0.400000 0.400000 0.400000
"}
