object={
	name="lakes"
	clamp_to_water_level=no
	render_under_water=no
	generated_content=no
	layer="lake_layer"
	pdxmesh="lake_mesh"
	count=4
	transform="1165.243774 4.722168 6407.604004 0.000000 0.344781 0.000000 0.938683 20.012112 20.012112 20.012112
1253.497437 0.789551 6400.636230 0.000000 0.930182 0.000000 -0.367100 18.098034 18.098034 18.098034
1271.671753 5.650391 6425.382812 0.000000 0.860171 0.000000 -0.510006 20.398983 20.398983 20.398983
1247.363281 4.839844 6464.342773 0.000000 0.619261 0.000000 0.785185 24.926491 24.926491 24.926491
"}
